# y-yc  ux_lbm  ux_exact   (z = 17)
  -15.500 2.6372047218e-03 2.6376632419e-03
  -14.500 7.5496682854e-03 7.5510579875e-03
  -13.500 1.2001115649e-02 1.2003389745e-02
  -12.500 1.6016959856e-02 1.6020058994e-02
  -11.500 1.9621769718e-02 1.9625622272e-02
  -10.500 2.2838976190e-02 2.2843499725e-02
   -9.500 2.5690619501e-02 2.5695726224e-02
   -8.500 2.8197139623e-02 2.8202745306e-02
   -7.500 3.0377209525e-02 3.0383238414e-02
   -6.500 3.2247608067e-02 3.2253991572e-02
   -5.500 3.3823127596e-02 3.3829802509e-02
   -4.500 3.5116510324e-02 3.5123419768e-02
   -3.500 3.6138407298e-02 3.6145500735e-02
   -2.500 3.6897354056e-02 3.6904584082e-02
   -1.500 3.7399757726e-02 3.7407077415e-02
   -0.500 3.7649891221e-02 3.7657254777e-02
    0.500 3.7649891221e-02 3.7657254777e-02
    1.500 3.7399757726e-02 3.7407077415e-02
    2.500 3.6897354056e-02 3.6904584082e-02
    3.500 3.6138407298e-02 3.6145500735e-02
    4.500 3.5116510324e-02 3.5123419768e-02
    5.500 3.3823127596e-02 3.3829802509e-02
    6.500 3.2247608067e-02 3.2253991572e-02
    7.500 3.0377209525e-02 3.0383238414e-02
    8.500 2.8197139623e-02 2.8202745306e-02
    9.500 2.5690619501e-02 2.5695726224e-02
   10.500 2.2838976190e-02 2.2843499725e-02
   11.500 1.9621769718e-02 1.9625622272e-02
   12.500 1.6016959856e-02 1.6020058994e-02
   13.500 1.2001115649e-02 1.2003389745e-02
   14.500 7.5496682854e-03 7.5510579875e-03
   15.500 2.6372047218e-03 2.6376632419e-03
