# z-zc  ux_lbm  ux_exact   (y = 17)
  -15.500 2.6372047218e-03 2.6376711794e-03
  -14.500 7.5496682854e-03 7.5510552691e-03
  -13.500 1.2001115649e-02 1.2003387835e-02
  -12.500 1.6016959856e-02 1.6020059688e-02
  -11.500 1.9621769718e-02 1.9625622774e-02
  -10.500 2.2838976190e-02 2.2843498660e-02
   -9.500 2.5690619501e-02 2.5695725240e-02
   -8.500 2.8197139623e-02 2.8202745480e-02
   -7.500 3.0377209525e-02 3.0383238545e-02
   -6.500 3.2247608067e-02 3.2253990755e-02
   -5.500 3.3823127596e-02 3.3829801717e-02
   -4.500 3.5116510324e-02 3.5123419805e-02
   -3.500 3.6138407298e-02 3.6145500758e-02
   -2.500 3.6897354056e-02 3.6904583341e-02
   -1.500 3.7399757726e-02 3.7407076680e-02
   -0.500 3.7649891221e-02 3.7657254777e-02
    0.500 3.7649891221e-02 3.7657254777e-02
    1.500 3.7399757726e-02 3.7407076680e-02
    2.500 3.6897354056e-02 3.6904583341e-02
    3.500 3.6138407298e-02 3.6145500758e-02
    4.500 3.5116510324e-02 3.5123419805e-02
    5.500 3.3823127596e-02 3.3829801717e-02
    6.500 3.2247608067e-02 3.2253990755e-02
    7.500 3.0377209525e-02 3.0383238545e-02
    8.500 2.8197139623e-02 2.8202745480e-02
    9.500 2.5690619501e-02 2.5695725240e-02
   10.500 2.2838976190e-02 2.2843498660e-02
   11.500 1.9621769718e-02 1.9625622774e-02
   12.500 1.6016959856e-02 1.6020059688e-02
   13.500 1.2001115649e-02 1.2003387835e-02
   14.500 7.5496682854e-03 7.5510552691e-03
   15.500 2.6372047218e-03 2.6376711794e-03
